"from";"V2";"to";"V4";"V5";"V6";"V7"
"AT4G37750";1;"AT1G76420";12;2.78;0.109;0.446
"AT4G37750";-1;"AT5G06080";69;1.74;0.037;0.194
"AT4G37750";1;"AT1G31320";37;1.16;0.027;0.332
"AT4G37750";1;"AT5G12330";61;1.31;0.083;0.039
"AT4G37750";1;"AT2G34710";100;1.07;0.035;0.004
"AT4G37750";1;"AT1G30490";2;1.27;0.101;0.105
"AT4G37750";1;"AT3G25710";100;0.78;0.012;0.001
"AT4G30080";-1;"AT4G28720";100;1.54;0.106;0.112
"AT1G77850";-1;"AT5G37020";70;1.35;0.375;0.215
"AT1G77850";-1;"CDKB2.1";74;0.87;0.008;0.039
"AT1G77850";-1;"AT3G63440";71;0.77;0.195;0.064
"AT1G77850";-1;"AT2G23380";55;1.62;0.411;0.293
"AT1G77850";-1;"AT4G38210";49;1.4;0.012;0.176
"AT1G77850";-1;"AT1G19850";49;1.02;0.404;0.176
"AT1G77850";-1;"AT1G30490";37;1.22;0.262;0.242
"AT1G77850";-1;"AT1G73590";15;1.21;0.31;0.341
"AT1G77850";-1;"AT2G25170";100;0.92;0.027;0.001
"AT1G77850";-1;"AT5G10510";57;1.05;0.325;0.13
"AT1G77850";-1;"AT3G12280";80;0.77;0.008;0.017
"AT3G61830";-1;"AT1G51950";76;1.55;0.319;0.121
"AT1G19220";1;"AT2G42430";20;1.3;0.564;0.205
"AT1G19220";1;"AT3G58190";11;0.94;0.714;0.478
"AT5G62000";-1;"AT5G17430";98;1.62;0.205;0.056
"AT5G62000";-1;"CYCD6.1";100;2.22;0.099;0.02
"AT5G60450";1;"AT2G42430";32;1.66;0.366;0.072
"AT1G30330";-1;"AT1G52150";100;1.82;0.025;0.15
"AT1G30330";1;"CYCB1.1";100;1.44;0.066;0.077
"AT1G30330";-1;"AT5G43890";88;2.16;0.041;0.298
"AT5G20730";1;"AT3G26810";93;1.28;0.143;0.305
"AT5G20730";1;"AT1G19220";75;0.85;0.034;0.021
"AT5G20730";1;"AT5G60450";43;1.44;0.199;0.443
"AT5G20730";1;"AT3G15540";100;1.11;0.094;0.097
"AT5G20730";1;"AT2G42430";92;1.34;0.133;0.239
"AT5G20730";1;"AT3G58190";81;1.15;0.089;0.253
"AT5G20730";1;"AT1G23080";44;1.52;0.16;0.438
"AT5G37020";1;"AT5G17430";100;0.93;0.043;0.139
"AT5G37020";1;"CYCA2.4";100;0.78;0.012;0.04
"AT5G37020";1;"CYCB1.1";100;1.08;0.037;0.065
"AT5G37020";1;"AT5G02470";88;1.49;0.034;0.296
"AT5G37020";1;"AT1G47870";93;2.98;0.084;0.329
"AT5G37020";1;"AT5G42630";100;0.94;0.041;0.128
"AT5G37020";1;"AT1G51190";100;0.9;0.021;0.033
"AT5G37020";1;"AT4G37650";37;1.63;0.098;0.463
"AT5G37020";1;"AT1G80100";100;1.26;0.023;0.062
"AtMYB93";1;"AT1G77690";14;1.77;0.008;0.055
"AtMYB93";-1;"AT2G01420";74;1.97;0.014;0.018
"AtMYB93";1;"WOX14";90;1.84;0.012;0.01
"AT5G17430";-1;"AT4G23980";100;1.74;0.005;0.119
"AT5G17430";1;"CYCA2.4";100;1.5;0.049;0.069
"AT5G17430";1;"CYCB1.1";100;1.51;0.042;0.037
"AT5G17430";1;"AT5G02470";69;1.94;0.129;0.352
"AT5G17430";1;"AT2G36010";100;1.27;0.028;0.034
"AT5G17430";1;"AT1G80100";100;1.33;0.022;0.017
"AT1G04550";-1;"AT3G23030";10;0.86;0.126;0.052
"AT1G04550";-1;"AT5G25890";30;1.01;0.369;0.019
"AT2G23380";-1;"AT2G23170";100;2.15;0.001;0.16
"AT2G23380";-1;"AT2G33310";99;1.63;0.053;0.198
"AT2G23380";-1;"WOX13";100;1.07;0.071;0.155
"AT2G23380";1;"AT3G12280";46;2.94;0.067;0.396
"AT1G52150";1;"AT4G23980";73;0.94;0.112;0.057
"AT1G52150";1;"AT2G23170";8;0.94;0.304;0.391
"AT1G52150";1;"AT4G32280";38;1.64;0.264;0.25
"AT1G52150";1;"AT2G45420";76;0.93;0.117;0.035
"AT1G52150";-1;"AT3G20840";88;1.48;0.212;0.047
"AT1G52150";1;"AT5G60690";70;0.85;0.09;0.09
"AT1G52150";1;"WOX13";99;1.04;0.112;0.001
"AT1G52150";1;"AT5G57390";61;1.34;0.04;0.104
"AT1G52150";1;"AT5G65510";34;0.79;0.134;0.243
"AT1G76420";1;"CYCD6.1";100;1.11;0.035;0.001
"AT1G76420";1;"AT5G12330";41;1.9;0.319;0.18
"AT1G76420";1;"AT5G10510";94;1.5;0.202;0.037
"AT1G76420";1;"AT5G53290";97;1.58;0.004;0.011
"AT1G76420";1;"CRF2.TMO3";93;1.5;0.223;0.067
"AT1G26870";1;"AT5G16560";100;1.07;0.014;0.002
"AT1G26870";1;"AT5G57090";99;1.49;0.023;0.04
"AT1G26870";1;"AT3G20840";91;1.12;0.143;0.067
"AT1G26870";1;"AT1G79580";93;0.95;0.046;0.056
"AT1G26870";1;"AT1G74500";100;0.98;0.105;0.021
"AT1G26870";1;"AT1G04610";100;1.29;0.025;0.033
"AT3G54610";1;"AT5G25620";79;1.06;0.025;0.013
"AT4G28640";-1;"AT3G25710";71;1.56;0.217;0.031
"AT1G51950";-1;"AT4G37750";27;1.59;0.284;0.478
"AT1G51950";-1;"AT5G37020";100;1.28;0.172;0.188
"AT1G51950";-1;"AT3G63440";51;0.96;0.275;0.402
"AT1G51950";-1;"AT2G23380";99;1.65;0.185;0.222
"AT1G51950";-1;"CYCD3.1";70;1.35;0.207;0.336
"AT1G51950";-1;"AT1G47870";38;1.33;0.23;0.443
"AT1G51950";-1;"AT5G12330";76;1.33;0.195;0.281
"AT1G51950";-1;"AT1G19850";100;0.66;0.045;0.003
"AT1G51950";-1;"AT2G34710";100;1.1;0.137;0.119
"AT1G51950";-1;"AT1G73590";15;1.6;0.307;0.511
"AT1G51950";-1;"AT2G25170";100;0.79;0.111;0.265
"AT1G51950";-1;"AT5G10510";91;1.11;0.153;0.175
"AT1G51950";-1;"CRF2.TMO3";79;1.3;0.178;0.25
"AT3G23030";-1;"AT4G30080";11;1.19;0.276;0.16
"AT5G25890";-1;"AT4G30080";100;1.44;0.057;0.132
"AT5G25890";-1;"AT1G30490";100;1.43;0.026;0.076
"AT5G16560";1;"AT4G39400";97;1.29;0.114;0.024
"AT5G16560";1;"AT5G57090";100;1.84;0.007;0.003
"AT5G16560";1;"AT3G62980";100;1.88;0.002;0.018
"AT5G42630";1;"AT5G17430";100;0.78;0.007;0.03
"AT5G42630";1;"CYCA2.4";100;1.44;0.039;0.075
"AT5G42630";1;"CYCB1.1";100;1.29;0.006;0.003
"AT5G42630";1;"AT2G36010";100;1.16;0.005;0.018
"AT5G42630";1;"AT1G51190";100;0.9;0.004;0.003
"AT2G42430";1;"AT2G38120";21;1.49;0.415;0.305
"AT2G42430";-1;"AT1G51190";74;1.22;0.24;0.044
"AT2G42430";1;"AT5G18560";100;1;0.044;0.004
"AT2G42430";-1;"AT4G37650";100;1.3;0;0.001
"AT2G42430";1;"AT4G13260";38;1.84;0.207;0.185
"AT2G45420";1;"AT5G62000";100;1.01;0.018;0.006
"AT2G45420";1;"AT4G23980";99;0.96;0.032;0.006
"AT2G45420";1;"AT5G60690";80;1.31;0.043;0.014
"AT2G45420";1;"AT5G57390";100;1.18;0.002;0.001
"AT2G45420";1;"AT5G65510";99;1.07;0;0.006
"AT3G58190";1;"AT2G38120";2;1.39;0.596;0.327
"AT3G58190";1;"AT5G06080";24;2;0.153;0.025
"AT3G58190";1;"AT5G18560";85;1.05;0.181;0.002
"AT3G58190";-1;"AT4G37650";41;1.54;0.077;0.011
"AT5G06080";1;"AT2G38120";25;2.39;0.348;0.029
"AT5G06080";1;"AT4G32280";53;0.98;0.343;0.037
"AT5G06080";1;"AT2G45420";91;1.39;0.135;0.009
"AT5G06080";1;"AT4G13260";71;1.66;0.098;0.011
"AT1G31320";1;"AT4G37750";29;0.71;0.171;0.025
"AT1G31320";-1;"AT1G51950";1;1.11;0.525;0.178
"AT1G31320";-1;"AT5G25890";40;1.34;0.339;0.06
"AT1G31320";-1;"AT5G06080";13;1.34;0.176;0.125
"AT1G31320";1;"AT1G30490";90;0.89;0.194;0.028
"AT1G31320";1;"AT3G25710";82;1.04;0.217;0.019
"AT5G12330";1;"AT4G37750";38;1.94;0.253;0.468
"AT5G12330";1;"AT1G76420";70;3.34;0.021;0.387
"AT5G12330";1;"AT2G34710";100;1.11;0.025;0.086
"AT5G12330";1;"AT5G10510";100;0.99;0;0.001
"AT5G12330";1;"CRF2.TMO3";100;0.84;0;0.001
"AT5G12330";-1;"AT4G13260";100;1.6;0.015;0.258
"AT1G19850";1;"AT1G30330";100;1.4;0.034;0.062
"AT1G19850";1;"AT5G37020";100;1.25;0.097;0.152
"AT1G19850";1;"CYCA2.4";100;1.05;0.114;0.181
"AT1G19850";1;"CYCB1.1";100;0.81;0.087;0.099
"AT2G34710";-1;"AT1G19220";30;1.55;0.01;0.028
"AT2G34710";1;"AT1G30330";100;0.62;0.001;0.008
"AT2G34710";-1;"AT3G50630";100;1.36;0.104;0.253
"AT2G34710";-1;"AT2G45420";100;1.25;0.006;0.129
"AT2G34710";-1;"AT3G58190";71;2.07;0.213;0.379
"AT2G34710";1;"AT1G19850";100;1.35;0.021;0.02
"AT2G34710";1;"CRF2.TMO3";100;1.24;0.017;0.038
"AT2G34710";1;"AT3G25710";99;1.24;0.089;0.212
"AT2G34710";-1;"AT4G13260";99;1.51;0.005;0.206
"AT1G30490";1;"AT4G37750";78;1.12;0.101;0.105
"AT1G30490";-1;"AT5G20730";100;1.3;0.139;0.053
"AT1G30490";-1;"AT4G33430";81;1.25;0.309;0.352
"AT1G30490";1;"CYCD3.1";74;1.5;0.171;0.127
"AT1G30490";1;"AT2G39700";19;1.36;0.188;0.377
"AT1G30490";-1;"AT1G51950";91;1.59;0.176;0.064
"AT1G30490";-1;"AT3G15540";100;0.96;0.082;0.012
"AT1G30490";-1;"AT1G15580";50;1.19;0.037;0.237
"AT1G30490";-1;"AT3G50630";92;1.23;0.251;0.161
"AT1G30490";1;"AT3G12280";23;1.76;0.502;0.681
"AT1G30490";-1;"AT5G43890";64;1.19;0.125;0.191
"AT2G25170";-1;"AT5G20730";86;0.95;0.2;0.064
"AT2G25170";-1;"AT2G33310";31;1.16;0.254;0.322
"AT2G25170";-1;"AT3G15540";99;1.49;0.144;0.011
"AT2G25170";-1;"AT2G42430";40;1.44;0.324;0.304
"AT2G25170";-1;"AT3G58190";99;1.01;0.053;0.016
"AT2G25170";-1;"AT1G23080";27;1.45;0.24;0.396
"AT2G25170";-1;"WOX13";91;1.47;0.161;0.042
"AT3G20840";1;"AT4G39400";100;1.04;0;0.003
"AT3G20840";1;"AT1G26870";9;1.29;0.006;0.033
"AT3G20840";-1;"AT2G23170";89;3.01;0.033;0.24
"AT3G20840";-1;"AT2G33310";100;2.35;0.024;0.139
"AT3G20840";1;"AT5G16560";100;1.2;0.017;0.034
"AT3G20840";-1;"AT1G04240";100;1.58;0.003;0.085
"AT3G20840";1;"AT1G79580";99;1.54;0.033;0.174
"AT3G20840";1;"AT1G74500";100;0.72;0.01;0.01
"AT1G51190";1;"AT5G17430";100;0.9;0.041;0.115
"AT1G51190";1;"CYCA2.4";100;1.55;0.009;0.026
"AT1G51190";1;"AT5G02470";79;1.68;0.047;0.292
"AT1G51190";1;"AT2G36010";100;1.06;0.034;0.073
"AT1G51190";1;"AT5G42630";100;1.01;0.06;0.137
"AT1G51190";1;"AT1G80100";100;1.01;0.003;0.001
"AT5G10510";1;"AT1G30330";100;1.58;0.059;0.189
"AT5G10510";1;"AT5G37020";100;1.36;0.006;0.047
"AT5G10510";1;"AT3G63440";100;1.3;0.029;0.23
"AT5G10510";1;"CYCA2.4";100;1.3;0.017;0.069
"AT5G10510";1;"CYCB1.1";100;0.67;0;0
"AT5G10510";1;"AT2G36010";100;1.34;0.008;0.054
"AT5G10510";1;"AT5G42630";100;1.3;0.007;0.069
"AT5G10510";1;"AT1G19850";100;1.18;0.017;0.063
"AT5G10510";1;"AT2G34710";100;1.46;0.081;0.196
"AT5G18560";1;"AT4G23980";93;1;0.107;0.012
"AT5G18560";1;"AT1G52150";18;1.14;0.651;0.31
"AT5G18560";1;"AT2G23170";23;0.77;0.228;0.055
"AT5G18560";1;"AT2G45420";78;1.15;0.358;0.066
"AT5G18560";1;"AT5G60690";83;1.13;0.214;0.049
"AT5G18560";-1;"AT4G37650";100;1.27;0;0.001
"AT5G18560";1;"WOX13";4;1.36;0.599;0.194
"AT5G18560";1;"AT5G65510";87;1.12;0.137;0.04
"AT5G60690";1;"AT5G62000";99;1.15;0.096;0.019
"AT5G60690";1;"AT4G23980";73;0.96;0.118;0.02
"AT5G60690";1;"AT5G57390";100;1.24;0.004;0.001
"AT5G60690";1;"AT5G65510";23;0.65;0.183;0.07
"AT3G54220";-1;"AT5G25620";40;1.62;0.038;0.033
"AT3G58780";1;"AT5G06080";30;1.21;0.134;0.108
"AT4G37650";-1;"AT1G65380";62;1.09;0.01;0.034
"AT4G37650";1;"AT1G26870";31;1.67;0.352;0.093
"AT4G37650";1;"AT1G73590";31;1.32;0.264;0.062
"AT4G37650";-1;"AT5G60690";47;1.25;0.382;0.141
"AT4G37650";1;"AT3G54220";91;1.2;0.003;0.01
"AT4G37650";-1;"AT1G04240";47;1.12;0.347;0.096
"AT4G37650";1;"AT1G74500";8;1.33;0.524;0.143
"AT4G37650";1;"AT1G80100";15;0.99;0.407;0.086
"AT4G37650";-1;"AT5G25620";48;1.39;0.031;0.045
"AT1G04240";1;"AT1G59750";64;1.71;0;0.045
"AT1G04240";-1;"AT1G73590";91;1.29;0.085;0.007
"AT1G04240";1;"AT4G14550";38;1.6;0.107;0.08
"AT1G04240";-1;"AT5G53290";93;1.31;0.007;0.005
"AT1G79580";1;"AT4G39400";92;1.23;0.131;0.036
"AT1G79580";1;"AT5G16560";100;0.95;0.026;0.002
"AT1G79580";1;"AT5G57090";92;1.41;0.029;0.034
"AT1G79580";1;"AT3G62980";78;1.86;0.016;0.07
"AT1G79580";1;"AT1G74500";99;1.08;0.143;0.025
"AT1G79580";1;"AT1G04610";100;1.05;0.023;0.012
"WOX13";1;"AT1G52150";20;1.42;0.398;0.321
"WOX13";-1;"AT1G26870";97;1.54;0.195;0.142
"WOX13";-1;"AT3G20840";100;1.14;0.171;0.048
"WOX14";-1;"AT5G60450";32;2.54;0.239;0.045
"WOX14";1;"AT4G14560";92;1.24;0.008;0.017
"AT5G57390";-1;"CYCD6.1";20;2.07;0.402;0.109
"AT5G57390";1;"AT3G54610";41;1.36;0.004;0.057
"AT5G57390";-1;"AT3G54220";97;1.48;0.002;0.014
"AT5G57390";1;"AT5G25620";100;1.31;0;0.002
"AT5G65510";1;"AT5G62000";98;0.71;0.089;0.018
"AT5G65510";1;"AT3G54610";12;1.31;0.013;0.088
"AT5G65510";-1;"AT3G54220";31;1.45;0.018;0.057
"AT5G65510";1;"AT5G57390";100;0.77;0.003;0.002
"AT4G11140";1;"AT3G54610";23;1.24;0.009;0.014
"AT4G11140";-1;"AT3G23030";16;1.06;0.112;0.016
"AT5G53290";1;"CDKB2.1";41;2.34;0.04;0.078
"AT5G53290";1;"CYCD6.1";19;1.37;0.33;0.14
"AT5G53290";1;"AT5G02470";81;1.06;0.172;0.068
"AT5G53290";1;"AT1G51190";76;1.29;0.381;0.094
"CRF2/TMO3";-1;"AT5G62000";100;1.57;0.016;0.238
"CRF2/TMO3";1;"AT3G63440";100;1.57;0.02;0.213
"CRF2/TMO3";1;"CYCB1.1";100;1.08;0.001;0
"CRF2/TMO3";1;"AT5G42630";100;1.44;0.002;0.018
"AT3G25710";1;"AT1G30330";100;1.39;0.006;0.004
"AT3G25710";-1;"AT3G15540";50;1.3;0.12;0.072
"AT3G25710";-1;"AT5G25890";96;1.86;0.239;0.282
"AT3G25710";-1;"AT4G32280";100;1.66;0.006;0.026
"AT1G74500";1;"AT4G39400";100;1.06;0.005;0.014
"AT1G74500";1;"AT5G16560";100;1.27;0.02;0.052
"AT1G74500";1;"AT3G20840";100;0.88;0.003;0.014
"AT1G74500";1;"AT1G79580";100;1.52;0.021;0.146
"AT5G60200";1;"AT4G30080";60;1.39;0.136;0.077
"AT5G60200";1;"CYCD3.1";100;1.88;0.063;0.01
"AT5G60200";1;"AT2G39700";82;1.37;0.046;0.065
